0.004535007576630956
-0.00026126511794463377
0.007815089823666996
0.0013889792859020384
-0.0019828704231392063
-0.00041081822254103245
0.004358331537166774
0.0004398420614033639
0.0019245882929267038
0.004181804903699743
0.0024222619679973084
0.003180331907675258
0.00045372532636958575
0.0847224497662789
0.003974188031502066
0.00321005910400111
0.002245760618622105
0.0005200960674125744
0.00901985381363313
0.004428014494238955
0.0121029683882378
0.04417871895730686
0.01609703661157643
0.002246395019471555
0.0024128195089772363
