0.8666666666666667
1.0
0.8367094206103495
0.9285714285714286
1.0
1.0
0.8304736004736005
0.8476190476190476
0.961111111111111
1.0
1.0
0.95
1.0
1.0
0.0
0.37665130568356375
0.41111111111111115
1.0
0.8611111111111112
0.4639880952380952
1.0
0.8288596797582677
0.9215686274509804
0.0
1.0
1.0
0.8271541950113379
1.0
0.6226190476190476
0.0
0.8583333333333332
0.0
1.0
1.0
0.0
1.0
0.8970238095238094
0.0
0.0
0.0
0.0
0.0
0.0
0.0
0.0
0.0
0.0
0.0
0.8095238095238095
0.0
0.0
0.0
0.27777777777777773
0.0
0.0
1.0
0.0
0.0
0.0
0.0
0.0
0.0
1.0
0.0
0.0
0.0
0.0
0.0
0.0
0.0
0.0
0.0
0.0
0.5833333333333333
0.0
0.0
0.0
0.0
0.0
0.0
0.0
0.0
0.0
0.0
0.0
0.0
0.0
