-0.4147812971342386
0.0
-0.1567522529436289
-0.3333333333333333
0.0
0.0
-0.22186495176849177
-0.46835443037974683
-0.2524271844659813
0.0
0.0
-0.2631578947368443
0.0
0.0
-1.0
-0.10651377231351232
-0.1369175627240167
0.0
-0.2747252747252746
0.02752293577981654
0.0
-0.18208778508660275
-0.21239690502508346
-1.0
0.0
0.0
0.0767341927562922
0.0
-0.6181506849315065
0.0
-0.5657894736842087
0.0
0.0
0.0
0.0
0.0
-0.2122719734660016
0.0
0.0
-1.0
0.0
-1.0
-1.0
-1.0
0.0
0.0
-1.0
0.0
-0.3499999999999994
0.0
0.0
0.0
-0.20000000000000223
0.0
0.0
0.0
0.0
0.0
0.0
0.0
0.0
0.0
0.0
0.0
0.0
0.0
0.0
0.0
0.0
0.0
0.0
0.0
0.0
-0.7142857142857142
-1.0
0.0
0.0
0.0
0.0
0.0
0.0
0.0
0.0
0.0
0.0
0.0
0.0
