3.5
8.0
11.473684210526315
6.0
5.0
3.0
8.0
4.571428571428571
8.6
13.0
13.0
8.4
3.0
49.0
1.5
2.903225806451613
4.333333333333333
3.0
6.444444444444445
3.125
4.0
6.341463414634147
27.714285714285715
1.3333333333333333
3.0
18.0
4.571428571428571
3.0
3.75
1.0
5.6
1.0
2.0
2.0
1.0
6.0
4.25
1.0
1.0
1.3333333333333333
1.0
1.3333333333333333
1.3333333333333333
1.5
1.0
1.0
1.3333333333333333
1.0
2.5714285714285716
1.0
1.0
1.0
2.0
1.0
1.0
2.0
1.0
1.0
1.0
1.0
1.0
1.0
2.0
1.0
1.0
1.0
1.0
1.0
1.0
1.0
1.0
1.0
1.0
2.0
1.3333333333333333
1.0
1.0
1.0
1.0
1.0
1.0
1.0
1.0
1.0
1.0
1.0
1.0
