0.6
1.0
0.7723250201126307
0.9047619047619048
1.0
1.0
0.7267080745341615
0.7741935483870968
0.9574468085106383
1.0
1.0
0.9428571428571428
1.0
1.0
0.0
0.3358208955223881
0.38613861386138615
1.0
0.96
0.5625
1.0
0.5137963843958135
0.8852459016393442
0.0
1.0
1.0
0.673469387755102
1.0
0.6964285714285714
0.0
0.6730769230769231
0.0
1.0
1.0
0.0
1.0
0.7846153846153846
0.0
0.0
0.0
0.0
0.0
0.0
0.0
0.0
0.0
0.0
0.0
0.5294117647058824
0.0
0.0
0.0
0.375
0.0
0.0
1.0
0.0
0.0
0.0
0.0
0.0
0.0
1.0
0.0
0.0
0.0
0.0
0.0
0.0
0.0
0.0
0.0
0.0
0.6
0.0
0.0
0.0
0.0
0.0
0.0
0.0
0.0
0.0
0.0
0.0
0.0
0.0
