0.0967741935483871
0.943351691581432
0.7964519140989729
0.9238095238095239
0.9754098360655737
0.981679389312977
0.8459563543003851
0.9536231884057971
0.9120654396728016
0.8705547652916074
0.8900966183574879
0.8616144975288303
0.9478260869565217
0.3508214096449391
0.8378378378378378
0.7280966767371602
0.8414634146341463
0.9225806451612903
0.3958333333333333
0.6666666666666666
0.0
0.345088161209068
0.03578528827037773
0.7894736842105263
0.0
0.05263157894736842
0.8929765886287625
0.25
0.3333333333333333
0.9259259259259259
0.8372093023255814
0.8947368421052632
0.0
0.0
0.3333333333333333
0.20754716981132076
0.17073170731707318
0.7777777777777778
0.0
0.42857142857142855
0.5
0.6666666666666666
0.6
0.8775510204081632
0.75
0.0
0.6
0.5
0.1
0.5
0.0
0.0
0.6
0.8888888888888888
0.8333333333333334
0.45454545454545453
0.75
0.3333333333333333
0.6
0.0
0.5
0.5
0.3333333333333333
0.0
0.0
0.5
0.0
0.0
0.6
0.3333333333333333
0.0
0.6
0.3333333333333333
0.0
0.42857142857142855
0.6
0.0
0.0
0.0
0.7777777777777778
0.3333333333333333
0.0
0.0
0.0
0.0
0.0
0.0
