1.75
4.0
5.7368421052631575
3.0
2.5
1.5
4.0
2.2857142857142856
4.3
6.5
6.5
4.2
1.5
24.5
0.75
1.4516129032258065
2.1666666666666665
1.5
3.2222222222222223
1.5625
2.0
3.1707317073170733
13.857142857142858
0.6666666666666666
1.5
9.0
2.2857142857142856
1.5
1.875
0.5
2.8
0.5
1.0
1.0
0.5
3.0
2.125
0.5
0.5
0.6666666666666666
0.5
0.6666666666666666
0.6666666666666666
0.75
0.5
0.5
0.6666666666666666
0.5
1.2857142857142858
0.5
0.5
0.5
1.0
0.5
0.5
1.0
0.5
0.5
0.5
0.5
0.5
0.5
1.0
0.5
0.5
0.5
0.5
0.5
0.5
0.5
0.5
0.5
0.5
1.0
0.6666666666666666
0.5
0.5
0.5
0.5
0.5
0.5
0.5
0.5
0.5
0.5
0.5
0.5
