0.5
1.0
0.6374269005847953
0.8571428571428571
1.0
1.0
0.5714285714285714
0.7619047619047619
0.9555555555555556
1.0
1.0
0.9333333333333333
1.0
1.0
0.5
0.0967741935483871
0.3939393939393939
1.0
0.8055555555555556
0.20833333333333334
1.0
0.15853658536585366
0.8151260504201681
0.6666666666666666
1.0
1.0
0.3516483516483517
1.0
0.5357142857142857
1.0
0.6222222222222222
1.0
1.0
1.0
1.0
1.0
0.6071428571428571
1.0
1.0
0.6666666666666666
1.0
0.6666666666666666
0.6666666666666666
0.5
1.0
1.0
0.6666666666666666
1.0
0.42857142857142855
1.0
1.0
1.0
0.4
1.0
1.0
1.0
1.0
1.0
1.0
1.0
1.0
1.0
1.0
1.0
1.0
1.0
1.0
1.0
1.0
1.0
1.0
1.0
1.0
0.6666666666666666
0.6666666666666666
1.0
1.0
1.0
1.0
1.0
1.0
1.0
1.0
1.0
1.0
1.0
1.0
