0.0
0.125
0.0
0.0
0.0
0.33333333333333337
0.33333333333333337
0.0
0.9349593495934959
0.9520958083832335
0.9448275862068966
0.9416058394160584
0.9398496240601504
0.9393939393939394
0.9503105590062112
0.9444444444444444
0.937984496124031
0.736842105263158
0.8421052631578947
0.8
0.8545454545454545
0.8615384615384616
0.8055555555555556
0.9014084507042254
0.7777777777777778
0.8524590163934427
0.736842105263158
0.8059701492537313
0.7234042553191489
0.736842105263158
0.7567567567567568
0.8571428571428572
0.7560975609756098
0.75
0.7464788732394366
0.7222222222222222
0.9078947368421053
0.9318181818181819
0.9142857142857143
0.92
0.9464285714285714
0.9027777777777778
0.935483870967742
0.9299999999999999
0.9725274725274725
0.9752475247524752
0.98046875
0.973404255319149
0.9777777777777777
0.9700598802395209
0.9813664596273292
0.9835164835164835
0.9806451612903225
0.9808917197452229
0.8208955223880597
0.8200000000000001
0.8135593220338984
0.9210526315789473
0.8181818181818181
0.8333333333333334
0.7936507936507937
0.8333333333333334
0.8983050847457628
0.85
0.8363636363636364
0.8157894736842105
0.9069767441860466
0.8648648648648649
0.9024390243902439
0.9532710280373832
0.9523809523809523
0.9647058823529412
0.9482758620689655
0.962962962962963
0.952
0.9436619718309859
0.91
0.898876404494382
0.9207920792079208
0.9217391304347826
0.9134615384615384
0.9032258064516129
0.8941176470588236
0.9090909090909091
0.9215686274509804
0.9196428571428571
0.8773584905660378
0.8916666666666666
0.8879310344827587
0.8354430379746836
0.8951612903225806
0.896
0.8586956521739131
0.8818181818181818
0.8673469387755102
0.8617021276595744
0.8289473684210527
0.8243243243243243
0.8488372093023255
0.8773584905660378
0.9064748201438849
0.8898305084745762
0.9084507042253521
0.8934426229508197
0.8916666666666666
0.8907563025210083
0.8859649122807017
0.8907563025210083
0.8951612903225806
0.8849557522123894
0.8617021276595744
0.8934426229508197
0.8785046728971962
0.8737864077669903
0.881578947368421
0.88
0.859375
0.8518518518518519
0.8490566037735849
0.859375
0.85
0.8709677419354839
0.8615384615384616
0.8235294117647058
0.96875
0.9285714285714286
0.9387755102040817
0.9302325581395349
0.36363636363636365
0.33783783783783783
0.33783783783783783
0.3466666666666667
0.33783783783783783
0.33783783783783783
0.33783783783783783
0.35526315789473684
0.33783783783783783
0.36363636363636365
0.35526315789473684
0.33783783783783783
0.33783783783783783
0.38749999999999996
0.35526315789473684
0.33783783783783783
0.33783783783783783
0.35526315789473684
0.3466666666666667
0.33783783783783783
0.3466666666666667
0.33783783783783783
0.36363636363636365
0.33783783783783783
0.3466666666666667
0.35526315789473684
0.33783783783783783
0.36363636363636365
0.36363636363636365
0.379746835443038
0.33783783783783783
0.3466666666666667
0.3466666666666667
0.379746835443038
0.33783783783783783
0.33783783783783783
0.33783783783783783
0.36363636363636365
0.3466666666666667
0.33783783783783783
0.33783783783783783
0.33783783783783783
0.33783783783783783
0.3717948717948718
0.33783783783783783
0.36363636363636365
0.33783783783783783
0.33783783783783783
0.38749999999999996
0.41666666666666663
0.7857142857142857
0.8333333333333334
0.8571428571428572
0.9
0.8571428571428572
0.5
0.4
0.6666666666666667
0.7777777777777778
0.6666666666666667
0.8235294117647058
0.6521739130434783
0.8095238095238095
0.75
0.9411764705882353
0.7307692307692308
0.85
0.6666666666666667
0.5714285714285714
0.7
0.9
0.8333333333333334
0.8571428571428572
0.75
0.6666666666666667
0.75
0.75
0.4444444444444444
0.5
0.6
0.5
0.5714285714285714
0.7
0.8
0.8571428571428572
0.8648648648648649
0.8333333333333334
0.7407407407407407
0.6842105263157895
0.8947368421052632
0.8723404255319149
0.9069767441860466
0.84375
0.7916666666666666
0.875
0.8571428571428572
0.7692307692307692
0.9189189189189189
0.9538461538461538
0.8846153846153846
0.8888888888888888
0.41666666666666663
0.46153846153846156
0.6190476190476191
0.125
0.125
0.125
0.41666666666666663
0.125
0.8333333333333334
0.4285714285714286
0.5
0.4285714285714286
0.8888888888888888
0.75
0.75
0.6666666666666667
0.625
0.5789473684210527
0.7777777777777778
0.5
0.625
0.6666666666666667
0.8
0.9
0.4285714285714286
0.0
0.0
0.0
0.0
0.0
0.7
0.17647058823529416
0.27586206896551724
0.11111111111111116
0.125
0.41666666666666663
0.17391304347826086
0.16666666666666663
0.5
0.35
0.6
0.4
0.2857142857142857
0.33333333333333337
0.2727272727272727
0.368421052631579
0.375
0.30000000000000004
0.4
0.25
0.375
0.4444444444444444
0.33333333333333337
0.5454545454545454
0.25
0.6666666666666667
0.0
0.0
0.5
0.33333333333333337
0.0
0.625
0.19999999999999996
0.375
0.375
0.0
0.19999999999999996
0.25
0.19999999999999996
0.25
0.5
0.02857142857142858
0.02857142857142858
0.02857142857142858
0.02857142857142858
0.02857142857142858
0.02857142857142858
0.02857142857142858
0.040000000000000036
0.02857142857142858
0.02857142857142858
0.02857142857142858
0.02857142857142858
0.040000000000000036
0.07692307692307687
0.04166666666666663
0.04166666666666663
0.04166666666666663
0.040000000000000036
0.04166666666666663
0.040000000000000036
0.040000000000000036
0.04166666666666663
0.02857142857142858
0.04166666666666663
0.040000000000000036
0.040000000000000036
0.040000000000000036
0.040000000000000036
0.04166666666666663
0.02857142857142858
0.02857142857142858
0.04166666666666663
0.040000000000000036
0.04166666666666663
0.04166666666666663
0.8333333333333334
0.5
0.8
0.0
0.0
0.0
0.0
0.052631578947368474
0.052631578947368474
0.052631578947368474
0.052631578947368474
0.052631578947368474
0.052631578947368474
0.052631578947368474
0.052631578947368474
0.052631578947368474
0.052631578947368474
0.052631578947368474
0.052631578947368474
0.052631578947368474
0.052631578947368474
0.052631578947368474
0.052631578947368474
0.052631578947368474
0.052631578947368474
0.052631578947368474
0.8666666666666667
0.8775510204081632
0.9189189189189189
0.875
0.9
0.9032258064516129
0.8888888888888888
0.875
0.8611111111111112
0.9555555555555556
0.8918918918918919
0.8676470588235294
0.9285714285714286
0.9285714285714286
0.25
0.25
0.25
0.25
0.5
0.375
0.30000000000000004
0.4444444444444444
0.19999999999999996
0.19999999999999996
0.0
0.0
0.9285714285714286
0.9230769230769231
0.84375
0.7954545454545454
0.8363636363636364
0.7954545454545454
0.9090909090909091
0.8387096774193549
0.8484848484848485
0.8461538461538461
0.8333333333333334
0.8636363636363636
0.9230769230769231
0.8333333333333334
0.0
0.0
0.0
0.0
0.0
0.0
0.5
0.0
0.1428571428571429
0.1428571428571429
0.25
0.4
0.1428571428571429
0.1428571428571429
0.1428571428571429
0.30000000000000004
0.16666666666666663
0.0
0.0
0.0
0.16666666666666663
0.2857142857142857
0.0
0.8
0.75
0.0
0.0
0.0
0.5
0.5
0.5
0.5
0.6
0.75
0.6666666666666667
0.5
0.6666666666666667
0.6
0.75
0.9444444444444444
0.7857142857142857
0.9230769230769231
0.75
0.75
0.0
0.0
0.6666666666666667
0.6666666666666667
0.0
0.6666666666666667
0.0
0.0
0.0
0.0
0.5
0.0
0.0
0.0
0.5
0.5
0.0
0.0
0.0
0.0
0.6666666666666667
0.8
0.8
0.0
0.0
0.0
0.9090909090909091
0.8571428571428572
0.8333333333333334
0.8333333333333334
0.7142857142857143
0.0
0.0
0.6666666666666667
0.8
0.5
0.0
0.75
0.0
0.0
0.0
0.5
0.5
0.5
0.5
0.33333333333333337
0.33333333333333337
0.33333333333333337
0.0
0.0
0.0
0.0
0.6666666666666667
0.0
0.0
0.0
0.0
0.0
0.5
0.6666666666666667
0.5
0.0
0.0
0.0
0.75
0.0
0.5
0.0
0.0
0.0
0.0
0.0
0.33333333333333337
0.5
0.5
0.6666666666666667
0.5
0.0
0.0
0.0
0.0
0.0
0.0
0.75
0.8
0.5
0.0
0.0
0.0
0.0
0.0
0.0
0.0
0.0
0.0
0.0
0.0
0.0
0.0
1.0
1.0
1.0
1.0
1.0
1.0
1.0
1.0
1.0
1.0
1.0
1.0
1.0
1.0
1.0
1.0
1.0
1.0
1.0
1.0
1.0
1.0
1.0
1.0
1.0
1.0
1.0
1.0
1.0
1.0
1.0
1.0
1.0
1.0
1.0
1.0
1.0
1.0
1.0
1.0
1.0
1.0
1.0
1.0
1.0
1.0
1.0
1.0
1.0
1.0
1.0
1.0
1.0
1.0
1.0
1.0
1.0
1.0
1.0
1.0
1.0
1.0
1.0
1.0
1.0
1.0
1.0
1.0
1.0
1.0
1.0
1.0
1.0
1.0
1.0
1.0
1.0
1.0
1.0
1.0
1.0
1.0
1.0
1.0
1.0
1.0
1.0
1.0
1.0
1.0
1.0
1.0
1.0
1.0
1.0
1.0
1.0
1.0
1.0
1.0
1.0
1.0
1.0
1.0
1.0
1.0
1.0
1.0
1.0
1.0
1.0
1.0
1.0
1.0
1.0
1.0
1.0
1.0
1.0
1.0
1.0
1.0
1.0
1.0
1.0
1.0
1.0
1.0
1.0
1.0
1.0
1.0
1.0
1.0
1.0
1.0
1.0
1.0
1.0
1.0
1.0
1.0
1.0
1.0
1.0
1.0
1.0
1.0
1.0
1.0
1.0
1.0
1.0
1.0
1.0
1.0
1.0
1.0
1.0
1.0
1.0
1.0
1.0
1.0
1.0
1.0
1.0
1.0
1.0
1.0
1.0
1.0
1.0
1.0
1.0
1.0
1.0
1.0
1.0
1.0
1.0
1.0
1.0
1.0
1.0
1.0
1.0
1.0
1.0
1.0
1.0
1.0
1.0
1.0
1.0
1.0
1.0
1.0
1.0
1.0
1.0
1.0
1.0
1.0
1.0
1.0
1.0
1.0
1.0
1.0
1.0
1.0
1.0
1.0
1.0
1.0
1.0
1.0
1.0
1.0
1.0
1.0
1.0
1.0
1.0
1.0
1.0
1.0
1.0
1.0
1.0
1.0
1.0
1.0
1.0
1.0
1.0
1.0
1.0
1.0
1.0
1.0
1.0
1.0
1.0
1.0
1.0
1.0
1.0
1.0
1.0
1.0
1.0
1.0
1.0
1.0
1.0
1.0
1.0
1.0
1.0
1.0
1.0
1.0
1.0
1.0
1.0
1.0
1.0
1.0
1.0
1.0
1.0
1.0
1.0
1.0
1.0
1.0
1.0
1.0
1.0
1.0
1.0
1.0
1.0
1.0
1.0
1.0
1.0
1.0
1.0
1.0
1.0
1.0
1.0
1.0
1.0
1.0
1.0
1.0
1.0
1.0
1.0
1.0
1.0
1.0
1.0
1.0
1.0
1.0
1.0
1.0
1.0
1.0
1.0
1.0
1.0
1.0
1.0
1.0
1.0
1.0
1.0
1.0
1.0
1.0
1.0
1.0
1.0
1.0
1.0
1.0
1.0
1.0
1.0
1.0
1.0
1.0
1.0
1.0
1.0
1.0
1.0
1.0
1.0
1.0
1.0
1.0
1.0
1.0
1.0
1.0
1.0
1.0
1.0
1.0
1.0
1.0
1.0
1.0
1.0
1.0
