0.0013402016756622714
-0.00026126511794463377
0.007815089823666996
0.0013889792859020384
-0.0019828704231392063
-0.00041081822254103245
0.004358331537166774
0.0004398420614033639
0.0019245882929267038
0.004181804903699743
0.0024222619679973084
0.003180331907675258
0.00045372532636958575
0.0847224497662789
0.0002845126911016482
0.004063059315716304
0.002245760618622105
0.0005200960674125744
0.0027595241703091927
0.0023454442999226188
0.000957945282669297
0.0121029683882378
0.04417871895730686
0.00019094316291539776
0.0005749878307666043
0.01609703661157643
0.002246395019471555
0.0005747303927407405
0.00143364248483559
9.421082469710739e-05
0.0024128195089772363
9.505669249637388e-05
0.00028757666332018686
0.00028757666332018686
9.586578343480269e-05
0.002007159241168687
0.0016262061281816479
9.570028756103315e-05
9.587727620381446e-05
0.0001916603117017324
9.584969355818621e-05
0.0001914419490905087
0.00019154308545781231
0.00028214058357761826
9.573936297567319e-05
9.587727620381446e-05
0.00019154308545781231
9.584969355818621e-05
0.0008620588122502731
9.584969355818621e-05
9.587727620381446e-05
9.587727620381446e-05
0.0005732501240920242
9.5141738987061e-05
9.555547867148482e-05
0.00028738128624698674
9.573936297567319e-05
9.586578343480269e-05
9.582900657396501e-05
9.587727620381446e-05
9.584969355818621e-05
9.584969355818621e-05
0.0002874732283990809
9.587727620381446e-05
9.587727620381446e-05
9.584969355818621e-05
9.587727620381446e-05
9.587727620381446e-05
9.582900657396501e-05
9.586578343480269e-05
9.587727620381446e-05
9.582900657396501e-05
9.586578343480269e-05
0.00038339877423274483
0.0001916603117017324
9.582900657396501e-05
9.587727620381446e-05
9.587727620381446e-05
9.587727620381446e-05
9.570028756103315e-05
9.586578343480269e-05
9.587727620381446e-05
9.587727620381446e-05
9.587727620381446e-05
9.587727620381446e-05
9.587727620381446e-05
9.587727620381446e-05
