0.0
0.0
0.0
0.0
0.0
0.5
0.5760869565217391
0.736
0.7083333333333333
0.6666666666666667
0.08333333333333337
0.0
0.26190476190476186
0.30612244897959184
0.4666666666666667
0.0
0.1428571428571429
0.25
0.1428571428571429
0.0
0.0
0.4444444444444444
0.16666666666666663
0.4651162790697675
0.5294117647058824
0.3913043478260869
0.47619047619047616
0.7222222222222222
0.5
0.5
0.625
0.7
0.6
0.0
0.6538461538461539
0.5
0.0
0.25
0.1428571428571429
0.30000000000000004
0.0
0.0
0.0
0.4
0.5
0.6666666666666667
0.5
0.41666666666666663
0.33333333333333337
0.25
0.625
0.2857142857142857
0.368421052631579
0.33333333333333337
0.375
0.33333333333333337
0.25
0.0
0.25
0.8333333333333334
0.0
0.0
0.0
0.5
0.0
0.0
0.5
0.0
0.5
0.33333333333333337
0.0
0.2857142857142857
0.25
0.2222222222222222
0.0
0.0
0.0
0.0
0.5
0.5
0.375
0.0
0.8
0.125
0.4
0.25
0.2222222222222222
0.0
0.0
0.0
0.0
0.6
0.5
0.1428571428571429
0.33333333333333337
0.4
0.5
0.0
0.7
0.0
0.5
0.0
0.5
0.33333333333333337
0.0
0.0
0.0
0.7
0.8333333333333334
0.0
0.6
0.0
0.75
0.25
0.75
0.1428571428571429
0.0
0.0
0.0
0.0
0.0
0.0
0.0
0.33333333333333337
0.0
0.0
0.0
0.6666666666666667
0.0
0.0
0.0
0.5
0.5
0.0
0.4
0.8
0.8333333333333334
0.0
0.5
0.4
0.0
0.0
0.5
0.0
0.0
0.0
0.5
0.5
0.0
0.5
0.5
0.0
0.0
0.0
0.0
0.6666666666666667
0.0
0.0
0.0
0.0
0.0
0.0
0.0
0.0
0.0
0.0
0.0
0.0
0.0
0.0
0.0
0.0
0.0
0.0
0.0
0.0
0.0
0.5
0.0
0.0
0.0
0.0
0.0
0.0
0.0
0.0
0.0
0.0
0.0
0.0
0.0
0.0
0.0
0.0
0.0
0.0
0.0
0.0
0.0
0.0
0.5714285714285714
0.0
0.0
0.967479674796748
0.9586206896551724
0.9532710280373832
0.9428571428571428
0.9423076923076923
0.9745222929936306
0.9324324324324325
0.6842105263157895
0.8026315789473684
0.8695652173913043
0.8051948051948052
0.8421052631578947
0.7857142857142857
0.7916666666666666
0.7619047619047619
0.819672131147541
0.6842105263157895
0.7761194029850746
0.6808510638297872
0.6842105263157895
0.7972972972972973
0.7317073170731707
0.725
0.9725274725274725
0.9640718562874252
0.9405940594059405
0.946236559139785
0.9454545454545454
0.9534883720930233
0.9333333333333333
0.9751552795031055
0.9801980198019802
0.9550561797752809
0.9655172413793104
0.9760479041916168
0.791044776119403
0.8481012658227848
0.76
0.7796610169491526
0.868421052631579
0.8586956521739131
0.7727272727272727
0.8947368421052632
0.7916666666666666
0.7777777777777778
0.7833333333333333
0.8
0.8545454545454545
0.736842105263158
0.8877551020408163
0.6666666666666667
0.9725274725274725
0.9545454545454546
0.968
0.9777777777777777
0.9689922480620154
0.0
0.40064102564102566
0.6607142857142857
0.6111111111111112
0.3513513513513513
0.0
0.0
0.4444444444444444
0.0
0.30000000000000004
0.0
0.0
0.0
0.0
0.0
0.0
0.40740740740740744
0.368421052631579
0.0
0.0
0.0
0.0
0.0
0.0
0.0
0.23684210526315785
0.0
0.06382978723404253
0.03448275862068961
0.0
0.0
0.16666666666666663
0.04347826086956519
0.0
0.0714285714285714
0.0
0.30000000000000004
0.06666666666666665
0.0
0.71
0.0
0.023255813953488413
0.0
0.0
0.0
0.0
0.0
0.0
0.0
0.0
0.5625
0.0
0.0
0.25
0.0
0.09090909090909094
0.0
0.0
0.0
0.09999999999999998
0.0
0.0
0.0
0.5
0.0
0.0
0.0
0.42105263157894735
0.0
0.0
0.0
0.0
0.0
0.0
0.1875
0.0
0.0
0.5
0.6666666666666667
0.0
0.0
0.0
0.0
0.4444444444444444
0.6
0.46153846153846156
0.4545454545454546
0.5714285714285714
0.0
0.0
0.36363636363636365
0.0
0.16666666666666663
0.33333333333333337
0.5
0.19999999999999996
0.0
0.0
0.0
0.16666666666666663
0.0
0.0
0.0
0.08333333333333337
0.0
0.0
0.0
0.0
0.0
0.0
0.125
0.5
0.0
0.0
0.0
0.0
0.0
0.0
0.5
0.0
0.0
0.0
0.0
0.0
0.33333333333333337
0.5
0.0
0.0
0.0
0.0
0.0
0.0
0.0
0.0
0.0
0.0
0.0
0.0
0.0
0.0
0.0
0.0
0.0
0.0
0.0
0.0
0.0
0.0
0.0
0.0
0.0
0.0
0.75
0.0
0.0
0.0
0.0
0.0
0.0
0.0
0.0
0.5555555555555556
0.0
0.0
0.0
0.0
0.5
0.0
0.5
0.0
0.0
0.0
0.0
0.0
0.0
0.0
0.0
0.0
0.0
0.0
0.0
0.0
0.0
0.0
0.0
0.0
0.0
0.0
0.0
0.0
0.0
0.0
0.0
0.0
0.0
0.0
0.0
0.0
0.0
0.0
0.0
0.0
0.0
0.0
0.0
0.0
0.0
0.0
0.0
0.0
0.0
0.0
0.0
0.0
0.0
0.0
0.0
0.0
0.0
0.0
0.0
0.0
0.0
0.0
0.0
0.0
0.0
0.0
0.0
0.0
0.0
0.0
0.0
0.0
0.0
0.0
0.0
0.0
0.0
0.0
0.0
0.0
0.0
0.0
0.0
0.0
0.0
0.0
0.0
0.0
0.0
0.0
0.0
0.0
0.0
0.0
0.0
0.0
0.0
0.0
0.0
0.0
0.0
0.0
0.0
0.0
0.0
0.0
0.0
0.0
0.0
0.0
0.0
0.0
0.0
0.0
0.0
0.0
0.0
0.0
0.0
0.0
0.0
0.0
0.0
0.0
0.0
0.0
0.0
0.0
0.0
0.0
0.0
0.0
0.0
0.0
0.0
0.0
0.0
0.0
0.0
0.0
0.0
0.0
0.0
0.0
0.0
0.0
0.0
0.9609375
0.95
0.9152542372881356
0.9627329192546584
0.8775510204081632
0.8571428571428572
0.8461538461538461
0.9111111111111111
0.9264705882352942
0.0
0.0
0.9680851063829787
0.9528301886792453
0.9333333333333333
0.9523809523809523
0.9741935483870968
0.9433962264150944
0.9189189189189189
0.9299999999999999
0.9197080291970803
0.8823529411764706
0.9333333333333333
0.8571428571428572
0.9166666666666666
0.7567567567567568
0.41666666666666663
0.8333333333333334
0.46153846153846156
0.33333333333333337
0.8604651162790697
0.5238095238095238
0.125
0.125
0.125
0.25
0.8870967741935484
0.9
0.8888888888888888
0.8780487804878049
0.8235294117647058
0.8
0.5
0.125
0.875
0.9
0.5
0.8951612903225806
0.7719298245614035
0.8470588235294118
0.8617021276595744
0.7636363636363637
0.8
0.8602150537634409
0.8169014084507042
0.7346938775510203
0.6486486486486487
0.8169014084507042
0.5357142857142857
0.7592592592592593
0.5357142857142857
0.8712121212121212
0.8706896551724138
0.8431372549019608
0.0
0.8591549295774648
0.8125
0.8333333333333334
0.8
0.8333333333333334
0.65625
0.6590909090909092
0.8461538461538461
0.6666666666666667
0.19999999999999996
0.0
0.0
0.0
0.7090909090909091
0.6590909090909092
0.7878787878787878
0.7096774193548387
0.7272727272727273
0.7307692307692308
0.7083333333333333
0.6363636363636364
0.0
0.0
0.1428571428571429
0.0
0.0
0.49640287769784175
0.4491525423728814
0.5
0.4672131147540983
0.42500000000000004
0.4117647058823529
0.42105263157894735
0.4201680672268907
0.44354838709677424
0.4336283185840708
0.1428571428571429
0.14864864864864868
0.14864864864864868
0.1466666666666666
0.14864864864864868
0.14864864864864868
0.14864864864864868
0.14473684210526316
0.2857142857142857
0.33333333333333337
0.14864864864864868
0.32978723404255317
0.1428571428571429
0.14473684210526316
0.14864864864864868
0.14864864864864868
0.15000000000000002
0.14473684210526316
0.14864864864864868
0.14864864864864868
0.14473684210526316
0.1466666666666666
0.14864864864864868
0.1466666666666666
0.14864864864864868
0.1428571428571429
0.14864864864864868
0.16000000000000003
0.14473684210526316
0.14864864864864868
0.1428571428571429
0.1428571428571429
0.1392405063291139
0.4590163934426229
0.14864864864864868
0.1466666666666666
0.1466666666666666
0.17721518987341767
0.30841121495327106
0.14864864864864868
0.14864864864864868
0.14864864864864868
0.1428571428571429
0.1466666666666666
0.14864864864864868
0.14864864864864868
0.14864864864864868
0.14864864864864868
0.14102564102564108
0.14864864864864868
0.1428571428571429
0.14864864864864868
0.14864864864864868
0.16249999999999998
0.3398058252427184
0.0
0.41538461538461535
0.34615384615384615
0.18518518518518523
0.5714285714285714
0.0
0.1428571428571429
0.2857142857142857
0.5555555555555556
0.5
0.4
0.30000000000000004
0.0
0.5
0.2857142857142857
0.46153846153846156
0.0
0.6666666666666667
0.33333333333333337
0.25
0.0
0.16666666666666663
0.8421052631578947
0.8518518518518519
0.734375
0.8148148148148149
0.8113207547169812
0.796875
0.7833333333333333
0.9166666666666666
0.8648648648648649
0.8387096774193549
0.8153846153846154
0.7941176470588236
0.7777777777777778
0.375
0.6842105263157895
0.375
0.4444444444444444
0.5
0.33333333333333337
0.375
0.375
0.8
0.5
0.7422680412371134
0.0
0.0
0.0
0.0
0.0
0.0
0.0
0.0
0.0
0.0
0.0
0.0
0.0
0.0
0.0
0.0
0.0
0.0
0.0
0.0
0.0
0.0
0.0
0.0
0.0
0.0
0.0
0.0
0.0
0.5
0.0
0.0
0.0
0.0
0.0
0.0
0.33333333333333337
0.0
0.0
0.0
0.5
0.5
0.0
0.0
0.0
0.0
0.6
0.0
0.0
0.0
0.0
0.0
0.0
0.0
0.0
0.0
0.0
0.0
0.0
0.0
0.0
0.0
0.0
0.0
0.0
0.0
0.0
0.0
0.0
0.0
0.5
0.0
0.0
0.0
0.0
0.0
0.0
0.0
0.0
0.0
0.0
0.0
0.0
0.0
0.0
0.0
0.0
0.5
0.0
0.0
0.0
0.0
0.0
0.0
0.0
0.0
0.0
0.0
0.0
0.0
0.0
0.0
0.0
0.0
0.0
0.0
0.0
0.0
0.0
0.0
0.0
0.0
0.0
1.0
1.0
1.0
1.0
1.0
1.0
1.0
1.0
1.0
1.0
1.0
1.0
1.0
1.0
1.0
1.0
1.0
1.0
1.0
1.0
1.0
1.0
1.0
1.0
