0.0334705015235688
0.00023162986377087635
0.00808925212699664
0.00025855742156546003
-0.0002828715236867669
0.005905111138708058
-0.00014574899805350184
0.0659784583583098
0.0009662637488800181
0.0002601687077809108
0.005462133849918283
0.006818050737927252
0.009274340496414618
0.132957913912007
0.006526201063088489
0.04821097765207161
0.000957945282669297
0.0005749878307666043
0.00028757666332018686
0.00028757666332018686
9.587727620381446e-05
9.586578343480269e-05
9.587727620381446e-05
9.587727620381446e-05
9.587727620381446e-05
9.587727620381446e-05
9.587727620381446e-05
9.587727620381446e-05
9.587727620381446e-05
9.587727620381446e-05
9.586578343480269e-05
9.587727620381446e-05
0.00038339877423274483
9.587727620381446e-05
9.587727620381446e-05
9.587727620381446e-05
9.587727620381446e-05
9.587727620381446e-05
9.587727620381446e-05
9.587727620381446e-05
9.587727620381446e-05
9.587727620381446e-05
